292383.2 -651050.0 -18110.0 
370232.6 -578724.4 -22265.9 
375300.8 -611946.6 -22056.6 
328567.4 -668797.6 -18473.6 
358742.0 -585166.6 -21550.9 
353326.0 -631345.0 -21682.0 
307846.0 -637683.1 -19361.5 
293032.3 -640141.9 -18169.2 
351705.2 -631206.0 -21717.6 
326774.2 -661746.7 -19077.3 
350281.3 -696000.6 -21567.2 
340206.8 -669650.2 -20715.4 
278413.0 -640796.0 -16777.0 
361690.8 -682116.6 -22372.1 
278145.2 -641427.2 -16322.0 
356383.4 -631916.8 -21625.0 
279650.0 -644275.0 -18408.0 
378697.2 -588607.1 -22592.7 
362429.9 -629024.9 -21786.2 
378949.1 -588740.2 -22654.4 
353715.6 -576853.5 -21349.2 
297443.1 -637753.9 -18340.6 
321392.8 -616400.0 -22632.0 
327003.5 -592172.3 -19742.8 
352005.2 -630829.6 -21781.8 
364728.9 -682279.6 -22815.5 
292329.3 -641427.2 -19255.0 
361627.8 -682536.2 -22471.8 
356671.7 -631540.9 -21692.6 
363435.0 -627219.0 -21207.6 
278114.2 -642961.4 -16948.0 
362543.8 -633516.4 -21680.7 
337692.6 -579507.0 -20961.6 
356565.0 -630755.0 -21162.5 
278904.0 -640560.0 -16871.0 
335255.0 -577050.0 -20944.0 
353607.0 -580643.0 -20945.0 
356486.5 -631285.8 -21055.0 
312925.0 -635886.0 -19368.6 
278736.0 -640534.0 -15806.7 
291275.8 -642104.0 -18267.0 
364032.0 -674781.0 -22560.0 
299264.1 -673725.6 -16737.0 
328218.0 -667945.0 -18544.5 
297534.0 -672094.0 -16871.0 
356224.1 -631669.2 -21625.0 
326455.5 -591153.0 -19601.0 
352155.0 -628735.0 -21686.7 
279802.0 -639645.0 -18409.0 
378859.4 -612139.2 -22110.1 
364819.0 -682306.0 -22816.0 
322105.4 -637479.2 -19856.9 
378767.1 -613135.1 -21738.0 
279374.2 -642528.8 -16316.8 
322120.3 -639981.8 -19857.5 
362663.0 -634178.3 -21282.3 
301079.0 -667974.0 -17524.0 
320469.6 -615796.9 -22627.0 
333933.4 -694160.1 -19424.8 
356534.9 -629238.1 -21705.7 
277818.0 -642521.0 -16324.0 
299042.2 -641672.9 -18319.4 
290173.5 -636462.5 -17473.8 
292660.1 -640237.9 -18267.0 
298736.0 -640983.0 -18321.0 
370928.5 -628703.0 -21599.0 
356280.0 -630540.0 -21680.0 
296414.0 -674175.0 -17302.0 
356816.6 -630860.0 -21780.3 
352873.6 -629234.6 -21227.5 
368914.5 -580040.0 -22177.1 
362133.0 -635408.9 -21364.0 
362657.4 -636224.6 -21700.9 
362972.9 -632915.6 -21786.6 
328424.0 -667569.0 -18992.1 
278904.0 -642560.6 -16316.8 
353755.9 -628535.2 -21130.3 
361983.8 -633096.4 -21306.9 
345630.6 -712183.2 -20161.3 
292847.8 -641515.0 -19356.5 
357504.0 -630300.0 -21720.7 
301338.0 -667241.0 -17425.0 
291198.5 -641227.2 -19328.0 
353642.0 -633552.9 -21236.1 
282092.2 -640874.4 -18286.9 
364971.8 -672933.9 -22816.7 
332210.0 -660276.2 -19464.8 
278512.0 -640791.0 -16871.0 
277167.7 -642766.8 -16305.9 
369044.4 -582141.9 -22175.0 
353755.9 -628500.2 -21130.3 
371743.0 -628702.4 -21602.0 
362613.0 -633132.0 -21283.1 
371884.8 -663128.6 -22061.5 
351595.0 -696302.0 -21865.0 
353085.0 -629542.0 -21149.7 
292323.3 -641357.3 -19255.0 
328462.3 -666966.9 -18505.0 
296833.0 -672140.0 -16781.0 
354106.3 -629234.2 -21702.7 
301994.0 -639335.0 -18432.8 
322410.1 -640731.9 -19726.0 
295940.0 -666760.0 -17199.9 
335824.0 -697957.0 -19361.0 
307857.0 -637502.0 -19366.6 
321638.8 -639974.9 -19857.3 
321737.7 -637478.2 -19856.4 
278181.0 -640778.0 -16777.0 
298466.0 -642299.0 -18319.0 
362650.0 -627819.8 -21797.5 
351158.0 -698567.6 -21656.3 
331638.8 -662822.7 -19453.5 
363785.6 -627889.0 -21206.7 
292688.6 -642616.8 -18208.0 
353270.8 -630839.0 -21240.0 
357281.0 -630604.0 -21692.5 
310494.0 -639855.0 -19466.0 
321525.3 -641634.7 -19800.0 
362658.0 -633137.4 -21700.9 
326820.2 -661619.2 -18698.2 
282232.2 -644745.2 -18289.9 
326946.2 -591822.9 -19752.8 
276600.0 -640550.6 -16871.2 
324470.0 -674562.0 -19014.0 
352815.4 -629070.9 -21147.8 
321574.6 -637477.1 -19856.7 
356224.8 -631784.3 -21625.0 
297203.8 -641692.1 -17766.4 
349532.6 -660309.2 -23019.8 
378978.6 -611747.3 -22595.0 
378402.3 -611565.4 -22573.8 
292953.5 -642733.7 -18176.0 
361493.9 -682396.4 -22324.0 
378697.2 -588607.2 -22592.3 
297209.7 -641946.2 -17840.4 
378527.2 -613300.9 -21708.0 
355129.0 -629481.8 -21172.6 
356344.6 -628472.3 -21776.6 
297518.7 -642178.5 -18407.2 
296260.0 -667480.0 -17190.0 
338087.0 -579824.1 -20948.9 
354224.0 -631931.8 -21174.0 
337457.4 -581010.1 -21037.9 
352300.0 -699763.0 -21180.6 
371327.0 -628692.9 -21602.0 
299282.8 -644515.6 -18287.4 
281537.8 -642425.5 -18395.4 
278516.0 -641096.0 -16327.0 
297256.0 -673104.0 -16751.0 
378435.2 -611748.4 -22575.0 
302020.0 -645439.0 -18188.0 
372310.0 -660499.0 -21975.6 
365141.3 -682065.6 -22833.5 
331179.2 -663946.4 -19464.9 
335698.0 -697233.0 -19326.3 
379123.1 -612378.1 -21668.6 
277878.1 -642988.0 -16871.0 
328704.0 -666323.0 -18869.0 
299580.0 -641242.0 -18328.0 
298469.0 -640978.4 -18321.4 
363000.0 -628885.0 -21210.0 
357285.4 -630472.1 -21689.7 
337643.0 -580752.4 -20983.8 
293376.0 -636828.0 -17559.0 
362983.8 -636005.5 -21786.1 
280108.0 -636612.0 -18329.0 
338234.0 -580596.0 -20959.5 
276763.0 -640805.0 -16798.0 
352974.9 -629308.4 -21074.3 
353895.0 -632825.0 -21780.0 
276784.0 -640988.0 -16777.0 
357994.6 -630739.6 -21659.4 
379155.9 -612018.7 -21742.3 
375520.0 -664843.0 -22024.1 
363435.0 -626940.0 -21206.5 
293710.0 -648903.0 -18391.0 
349528.2 -660310.9 -22975.1 
289603.8 -635998.8 -17553.8 
278599.5 -642890.6 -16247.2 
285622.9 -652014.0 -17342.5 
356702.4 -629565.9 -21149.5 
363784.2 -627658.2 -21697.6 
297517.6 -642008.1 -18331.6 
299687.2 -642155.4 -18342.9 
363685.2 -628289.5 -21798.9 
361848.0 -634133.3 -21305.6 
335891.5 -577400.0 -20880.0 
292517.1 -640803.9 -18811.4 
355743.7 -629248.6 -21705.4 
352730.8 -630820.0 -21240.0 
378597.4 -612908.8 -22056.0 
356800.0 -628410.0 -21235.0 
352982.0 -632403.0 -21718.9 
333946.0 -694952.6 -19425.4 
356800.3 -628671.1 -21173.5 
299515.0 -664877.0 -17229.0 
292584.0 -640849.2 -19357.4 
300867.0 -666315.0 -17479.0 
292766.2 -640313.1 -18281.6 
378769.1 -612587.0 -22122.9 
280160.0 -640057.0 -16328.6 
278886.0 -640535.0 -15806.5 
281712.5 -644683.2 -18410.0 
281979.2 -639492.1 -18410.8 
365110.0 -672893.0 -22839.0 
293300.8 -647594.1 -18413.8 
281947.2 -638960.7 -18414.9 
356573.1 -631518.0 -21692.6 
321860.6 -639270.4 -19721.9 
361946.2 -636032.4 -21327.0 
290300.0 -642876.0 -18268.0 
371628.3 -631750.6 -21704.8 
353773.6 -629234.2 -21703.7 
278500.2 -641336.8 -16228.7 
293352.3 -648007.2 -18321.0 
378530.5 -611846.3 -21586.1 
300634.3 -644953.7 -18289.4 
322221.1 -671509.6 -18856.0 
297799.0 -673090.0 -16758.9 
336029.0 -697020.0 -19328.6 
334509.4 -666551.6 -19442.2 
276613.0 -640895.0 -16869.0 
362958.0 -636126.0 -21370.0 
292483.0 -640846.9 -18267.5 
357359.6 -631519.6 -21783.4 
368168.5 -580088.2 -22267.9 
353655.0 -633648.0 -21231.0 
370960.3 -631746.0 -21704.5 
352909.0 -628732.4 -21155.2 
372174.4 -601974.6 -22570.0 
322175.1 -637408.5 -19856.3 
361594.9 -682571.5 -22324.0 
368840.0 -624680.0 -21812.2 
362726.8 -633527.6 -21680.7 
361993.0 -635133.1 -21300.6 
309470.0 -635623.0 -19314.7 
356627.9 -631502.8 -21692.6 
289344.0 -641324.0 -18689.1 
291827.3 -642857.0 -18266.4 
351979.3 -630788.8 -21685.0 
352682.5 -631433.4 -21151.0 
362629.8 -633550.4 -21680.7 
288722.6 -641124.4 -18818.5 
281915.8 -640235.8 -16327.4 
299327.0 -673543.0 -16871.3 
357125.6 -628441.4 -21691.3 
335845.9 -696807.6 -19217.7 
312693.8 -635578.8 -19463.7 
278075.0 -641018.0 -16327.0 
353180.0 -628454.5 -21171.6 
278193.0 -642829.0 -16329.0 
356894.9 -631505.1 -21159.9 
281916.9 -639467.6 -18325.5 
285158.8 -652542.1 -17422.5 
334423.2 -662998.1 -19396.4 
278131.3 -641420.8 -16243.0 
352863.0 -631174.0 -21147.6 
279863.2 -638965.0 -18408.0 
296047.0 -666767.0 -17292.0 
297218.0 -642408.0 -17894.0 
362458.0 -632352.0 -21314.5 
292304.8 -641598.2 -19200.9 
375658.6 -665087.9 -22558.0 
292300.7 -641501.6 -19198.2 
353785.5 -628947.9 -21695.9 
297540.8 -637552.2 -18404.2 
352415.0 -630628.8 -21781.7 
333948.0 -695591.1 -19425.0 
353739.0 -580962.0 -20958.7 
279437.0 -640625.0 -16327.3 
329811.6 -669301.8 -18916.2 
352415.0 -630373.8 -21781.7 
292713.8 -640149.6 -18182.0 
324424.1 -679469.6 -17178.8 
291810.0 -651010.0 -17940.0 
281071.0 -644351.0 -18300.0 
278326.0 -640422.0 -16772.0 
292848.0 -640980.3 -19356.1 
299970.0 -665442.0 -17572.0 
292331.4 -641248.8 -19255.0 
335239.3 -577347.8 -21053.1 
